1,00,00,00,00,00,00,00,00,00,00,00,00,00,00,00,00,00,00,0,1
1825,00,00,00,00,00,00,0,00,00,00,00,00,00,00,00,00,0,0,0,1
1775,00,00,00,00,00,00,0,00,00,00,00,00,00,00,00,0,0,0,0,1
2001,00,00,00,00,00,00,0,00,00,00,00,00,00,00,00,0,0,0,0,1
5119,00,00,00,00,00,00,0,00,00,00,00,00,00,00,00,0,0,0,0,1
938,00,00,00,00,00,00,0,00,00,00,00,00,00,00,00,0,0,0,0,1
5082,0,0,0,0,0,0,0,0,0,0,0,0,0,0,0,0,0,0,0,2
2,0,0,0,0,0,0,0,0,0,0,0,0,0,0,0,0,0,0,0,2
1769,0,0,0,0,0,0,0,0,0,0,0,0,0,0,0,0,0,0,0,2
1764,0,0,0,0,0,0,0,0,0,0,0,0,0,0,0,0,0,0,0,2
1939,0,0,0,0,0,0,0,0,0,0,0,0,0,0,0,0,0,0,0,2
4646,0,0,0,0,0,0,0,0,0,0,0,0,0,0,0,0,0,0,0,2
1785,0,0,0,0,0,0,0,0,0,0,0,0,0,0,0,0,0,0,0,3
1984,0,0,0,0,0,0,0,0,0,0,0,0,0,0,0,0,0,0,0,3
3,0,0,0,0,0,0,0,0,0,0,0,0,0,0,0,0,0,0,0,3
3485,0,0,0,0,0,0,0,0,0,0,0,0,0,0,0,0,0,0,0,3
2874,0,0,0,0,0,0,0,0,0,0,0,0,0,0,0,0,0,0,0,3
937,0,0,0,0,0,0,0,0,0,0,0,0,0,0,0,0,0,0,0,3
2346,0,0,0,0,0,0,0,0,0,0,0,0,0,0,0,0,0,0,0,4
1997,0,0,0,0,0,0,0,0,0,0,0,0,0,0,0,0,0,0,0,4
1730,0,0,0,0,0,0,0,0,0,0,0,0,0,0,0,0,0,0,0,4
4,0,0,0,0,0,0,0,0,0,0,0,0,0,0,0,0,0,0,0,4
1737,0,0,0,0,0,0,0,0,0,0,0,0,0,0,0,0,0,0,0,4
1763,0,0,0,0,0,0,0,0,0,0,0,0,0,0,0,0,0,0,0,4
5098,0,0,0,0,0,0,0,0,0,0,0,0,0,0,0,0,0,0,0,5
935,0,0,0,0,0,0,0,0,0,0,0,0,0,0,0,0,0,0,0,5
1994,0,0,0,0,0,0,0,0,0,0,0,0,0,0,0,0,0,0,0,5
118,0,0,0,0,0,0,0,0,0,0,0,0,0,0,0,0,0,0,0,5
5,0,0,0,0,0,0,0,0,0,0,0,0,0,0,0,0,0,0,0,5
3612,0,0,0,0,0,0,0,0,0,0,0,0,0,0,0,0,0,0,0,5
2457,0,0,0,0,0,0,0,0,0,0,0,0,0,0,0,0,0,0,0,6
2335,0,0,0,0,0,0,0,0,0,0,0,0,0,0,0,0,0,0,0,6
932,0,0,0,0,0,0,0,0,0,0,0,0,0,0,0,0,0,0,0,6
2167,0,0,0,0,0,0,0,0,0,0,0,0,0,0,0,0,0,0,0,6
4522,0,0,0,0,0,0,0,0,0,0,0,0,0,0,0,0,0,0,0,6
6,0,0,0,0,0,0,0,0,0,0,0,0,0,0,0,0,0,0,0,6
3528,0,0,0,0,0,0,0,0,0,0,0,0,0,0,0,0,0,0,0,7
4809,0,0,0,0,0,0,0,0,0,0,0,0,0,0,0,0,0,0,0,7
1986,0,0,0,0,0,0,0,0,0,0,0,0,0,0,0,0,0,0,0,7
1723,0,0,0,0,0,0,0,0,0,0,0,0,0,0,0,0,0,0,0,7
5013,0,0,0,0,0,0,0,0,0,0,0,0,0,0,0,0,0,0,0,7
2357,0,0,0,0,0,0,0,0,0,0,0,0,0,0,0,0,0,0,0,7
7,0,0,0,0,0,0,0,0,0,0,0,0,0,0,0,0,0,0,0,8
2410,0,0,0,0,0,0,0,0,0,0,0,0,0,0,0,0,0,0,0,8
4959,0,0,0,0,0,0,0,0,0,0,0,0,0,0,0,0,0,0,0,8
5268,0,0,0,0,0,0,0,0,0,0,0,0,0,0,0,0,0,0,0,8
1987,0,0,0,0,0,0,0,0,0,0,0,0,0,0,0,0,0,0,0,8
2164,0,0,0,0,0,0,0,0,0,0,0,0,0,0,0,0,0,0,0,8
2560,0,0,0,0,0,0,0,0,0,0,0,0,0,0,0,0,0,0,0,9
8,0,0,0,0,0,0,0,0,0,0,0,0,0,0,0,0,0,0,0,9
1982,0,0,0,0,0,0,0,0,0,0,0,0,0,0,0,0,0,0,0,9
1802,0,0,0,0,0,0,0,0,0,0,0,0,0,0,0,0,0,0,0,9
3973,0,0,0,0,0,0,0,0,0,0,0,0,0,0,0,0,0,0,0,9
1810,0,0,0,0,0,0,0,0,0,0,0,0,0,0,0,0,0,0,0,9
1806,0,0,0,0,0,0,0,0,0,0,0,0,0,0,0,0,0,0,0,10
3928,0,0,0,0,0,0,0,0,0,0,0,0,0,0,0,0,0,0,0,10
9,0,0,0,0,0,0,0,0,0,0,0,0,0,0,0,0,0,0,0,10
5189,0,0,0,0,0,0,0,0,0,0,0,0,0,0,0,0,0,0,0,10
1847,0,0,0,0,0,0,0,0,0,0,0,0,0,0,0,0,0,0,0,10
1827,0,0,0,0,0,0,0,0,0,0,0,0,0,0,0,0,0,0,0,10
2345,0,0,0,0,0,0,0,0,0,0,0,0,0,0,0,0,0,0,0,11
2353,0,0,0,0,0,0,0,0,0,0,0,0,0,0,0,0,0,0,0,11
4455,0,0,0,0,0,0,0,0,0,0,0,0,0,0,0,0,0,0,0,11
10,0,0,0,0,0,0,0,0,0,0,0,0,0,0,0,0,0,0,0,11
3172,0,0,0,0,0,0,0,0,0,0,0,0,0,0,0,0,0,0,0,11
5141,0,0,0,0,0,0,0,0,0,0,0,0,0,0,0,0,0,0,0,11
932,0,0,0,0,0,0,0,0,0,0,0,0,0,0,0,0,0,0,0,12
1777,0,0,0,0,0,0,0,0,0,0,0,0,0,0,0,0,0,0,0,12
5126,0,0,0,0,0,0,0,0,0,0,0,0,0,0,0,0,0,0,0,12
118,0,0,0,0,0,0,0,0,0,0,0,0,0,0,0,0,0,0,0,12
11,0,0,0,0,0,0,0,0,0,0,0,0,0,0,0,0,0,0,0,12
5082,0,0,0,0,0,0,0,0,0,0,0,0,0,0,0,0,0,0,0,12
5098,0,0,0,0,0,0,0,0,0,0,0,0,0,0,0,0,0,0,0,13
1939,0,0,0,0,0,0,0,0,0,0,0,0,0,0,0,0,0,0,0,13
1986,0,0,0,0,0,0,0,0,0,0,0,0,0,0,0,0,0,0,0,13
2357,0,0,0,0,0,0,0,0,0,0,0,0,0,0,0,0,0,0,0,13
2874,0,0,0,0,0,0,0,0,0,0,0,0,0,0,0,0,0,0,0,13
12,0,0,0,0,0,0,0,0,0,0,0,0,0,0,0,0,0,0,0,13
1730,0,0,0,0,0,0,0,0,0,0,0,0,0,0,0,0,0,0,0,14
2001,0,0,0,0,0,0,0,0,0,0,0,0,0,0,0,0,0,0,0,14
1994,0,0,0,0,0,0,0,0,0,0,0,0,0,0,0,0,0,0,0,14
3528,0,0,0,0,0,0,0,0,0,0,0,0,0,0,0,0,0,0,0,14
4646,0,0,0,0,0,0,0,0,0,0,0,0,0,0,0,0,0,0,0,14
5013,0,0,0,0,0,0,0,0,0,0,0,0,0,0,0,0,0,0,0,14
13,0,0,0,0,0,0,0,0,0,0,0,0,0,0,0,0,0,0,0,15
4522,0,0,0,0,0,0,0,0,0,0,0,0,0,0,0,0,0,0,0,15
4809,0,0,0,0,0,0,0,0,0,0,0,0,0,0,0,0,0,0,0,15
1775,0,0,0,0,0,0,0,0,0,0,0,0,0,0,0,0,0,0,0,15
4959,0,0,0,0,0,0,0,0,0,0,0,0,0,0,0,0,0,0,0,15
3485,0,0,0,0,0,0,0,0,0,0,0,0,0,0,0,0,0,0,0,15
3928,0,0,0,0,0,0,0,0,0,0,0,0,0,0,0,0,0,0,0,16
14,0,0,0,0,0,0,0,0,0,0,0,0,0,0,0,0,0,0,0,16
1802,0,0,0,0,0,0,0,0,0,0,0,0,0,0,0,0,0,0,0,16
2167,0,0,0,0,0,0,0,0,0,0,0,0,0,0,0,0,0,0,0,16
937,0,0,0,0,0,0,0,0,0,0,0,0,0,0,0,0,0,0,0,16
938,0,0,0,0,0,0,0,0,0,0,0,0,0,0,0,0,0,0,0,16
1984,0,0,0,0,0,0,0,0,0,0,0,0,0,0,0,0,0,0,0,17
1825,0,0,0,0,0,0,0,0,0,0,0,0,0,0,0,0,0,0,0,17
15,0,0,0,0,0,0,0,0,0,0,0,0,0,0,0,0,0,0,0,17
2346,0,0,0,0,0,0,0,0,0,0,0,0,0,0,0,0,0,0,0,17
1810,0,0,0,0,0,0,0,0,0,0,0,0,0,0,0,0,0,0,0,17
1763,0,0,0,0,0,0,0,0,0,0,0,0,0,0,0,0,0,0,0,17
5126,0,0,0,0,0,0,0,0,0,0,0,0,0,0,0,0,0,0,0,18
5189,0,0,0,0,0,0,0,0,0,0,0,0,0,0,0,0,0,0,0,18
2560,0,0,0,0,0,0,0,0,0,0,0,0,0,0,0,0,0,0,0,18
16,0,0,0,0,0,0,0,0,0,0,0,0,0,0,0,0,0,0,0,18
2353,0,0,0,0,0,0,0,0,0,0,0,0,0,0,0,0,0,0,0,18
2457,0,0,0,0,0,0,0,0,0,0,0,0,0,0,0,0,0,0,0,18
1827,0,0,0,0,0,0,0,0,0,0,0,0,0,0,0,0,0,0,0,19
2410,0,0,0,0,0,0,0,0,0,0,0,0,0,0,0,0,0,0,0,19
1997,0,0,0,0,0,0,0,0,0,0,0,0,0,0,0,0,0,0,0,19
1806,0,0,0,0,0,0,0,0,0,0,0,0,0,0,0,0,0,0,0,19
17,0,0,0,0,0,0,0,0,0,0,0,0,0,0,0,0,0,0,0,19
5119,0,0,0,0,0,0,0,0,0,0,0,0,0,0,0,0,0,0,0,19
5268,0,0,0,0,0,0,0,0,0,0,0,0,0,0,0,0,0,0,0,20
3612,0,0,0,0,0,0,0,0,0,0,0,0,0,0,0,0,0,0,0,20
1785,0,0,0,0,0,0,0,0,0,0,0,0,0,0,0,0,0,0,0,20
5141,0,0,0,0,0,0,0,0,0,0,0,0,0,0,0,0,0,0,0,20
1847,0,0,0,0,0,0,0,0,0,0,0,0,0,0,0,0,0,0,0,20
18,0,0,0,0,0,0,0,0,0,0,0,0,0,0,0,0,0,0,0,20
2335,0,0,0,0,0,0,0,0,0,0,0,0,0,0,0,0,0,0,0,21
1723,0,0,0,0,0,0,0,0,0,0,0,0,0,0,0,0,0,0,0,21
1987,0,0,0,0,0,0,0,0,0,0,0,0,0,0,0,0,0,0,0,21
935,0,0,0,0,0,0,0,0,0,0,0,0,0,0,0,0,0,0,0,21
1764,0,0,0,0,0,0,0,0,0,0,0,0,0,0,0,0,0,0,0,21
1982,0,0,0,0,0,0,0,0,0,0,0,0,0,0,0,0,0,0,0,21
19,0,0,0,0,0,0,0,0,0,0,0,0,0,0,0,0,0,0,0,22
1777,0,0,0,0,0,0,0,0,0,0,0,0,0,0,0,0,0,0,0,22
1769,0,0,0,0,0,0,0,0,0,0,0,0,0,0,0,0,0,0,0,22
2164,0,0,0,0,0,0,0,0,0,0,0,0,0,0,0,0,0,0,0,22
1737,0,0,0,0,0,0,0,0,0,0,0,0,0,0,0,0,0,0,0,22
3973,0,0,0,0,0,0,0,0,0,0,0,0,0,0,0,0,0,0,0,22
2345,0,0,0,0,0,0,0,0,0,0,0,0,0,0,0,0,0,0,0,23
20,0,0,0,0,0,0,0,0,0,0,0,0,0,0,0,0,0,0,0,23
3172,0,0,0,0,0,0,0,0,0,0,0,0,0,0,0,0,0,0,0,23
2874,0,0,0,0,0,0,0,0,0,0,0,0,0,0,0,0,0,0,0,23
2167,0,0,0,0,0,0,0,0,0,0,0,0,0,0,0,0,0,0,0,23
4455,0,0,0,0,0,0,0,0,0,0,0,0,0,0,0,0,0,0,0,23
1763,0,0,0,0,0,0,0,0,0,0,0,0,0,0,0,0,0,0,0,24
4959,0,0,0,0,0,0,0,0,0,0,0,0,0,0,0,0,0,0,0,24
21,0,0,0,0,0,0,0,0,0,0,0,0,0,0,0,0,0,0,0,24
938,0,0,0,0,0,0,0,0,0,0,0,0,0,0,0,0,0,0,0,24
3485,0,0,0,0,0,0,0,0,0,0,0,0,0,0,0,0,0,0,0,24
118,0,0,0,0,0,0,0,0,0,0,0,0,0,0,0,0,0,0,0,24
5082,0,0,0,0,0,0,0,0,0,0,0,0,0,0,0,0,0,0,0,25
1810,0,0,0,0,0,0,0,0,0,0,0,0,0,0,0,0,0,0,0,25
1997,0,0,0,0,0,0,0,0,0,0,0,0,0,0,0,0,0,0,0,25
22,0,0,0,0,0,0,0,0,0,0,0,0,0,0,0,0,0,0,0,25
3528,0,0,0,0,0,0,0,0,0,0,0,0,0,0,0,0,0,0,0,25
937,0,0,0,0,0,0,0,0,0,0,0,0,0,0,0,0,0,0,0,25
5126,0,0,0,0,0,0,0,0,0,0,0,0,0,0,0,0,0,0,0,26
2410,0,0,0,0,0,0,0,0,0,0,0,0,0,0,0,0,0,0,0,26
1785,0,0,0,0,0,0,0,0,0,0,0,0,0,0,0,0,0,0,0,26
2353,0,0,0,0,0,0,0,0,0,0,0,0,0,0,0,0,0,0,0,26
23,0,0,0,0,0,0,0,0,0,0,0,0,0,0,0,0,0,0,0,26
1723,0,0,0,0,0,0,0,0,0,0,0,0,0,0,0,0,0,0,0,26
1939,0,0,0,0,0,0,0,0,0,0,0,0,0,0,0,0,0,0,0,27
935,0,0,0,0,0,0,0,0,0,0,0,0,0,0,0,0,0,0,0,27
5119,0,0,0,0,0,0,0,0,0,0,0,0,0,0,0,0,0,0,0,27
3928,0,0,0,0,0,0,0,0,0,0,0,0,0,0,0,0,0,0,0,27
2457,0,0,0,0,0,0,0,0,0,0,0,0,0,0,0,0,0,0,0,27
24,0,0,0,0,0,0,0,0,0,0,0,0,0,0,0,0,0,0,0,27
1982,0,0,0,0,0,0,0,0,0,0,0,0,0,0,0,0,0,0,0,28
2164,0,0,0,0,0,0,0,0,0,0,0,0,0,0,0,0,0,0,0,28
2335,0,0,0,0,0,0,0,0,0,0,0,0,0,0,0,0,0,0,0,28
1984,0,0,0,0,0,0,0,0,0,0,0,0,0,0,0,0,0,0,0,28
4809,0,0,0,0,0,0,0,0,0,0,0,0,0,0,0,0,0,0,0,28
1994,0,0,0,0,0,0,0,0,0,0,0,0,0,0,0,0,0,0,0,28
25,0,0,0,0,0,0,0,0,0,0,0,0,0,0,0,0,0,0,0,29
1730,0,0,0,0,0,0,0,0,0,0,0,0,0,0,0,0,0,0,0,29
2560,0,0,0,0,0,0,0,0,0,0,0,0,0,0,0,0,0,0,0,29
1775,0,0,0,0,0,0,0,0,0,0,0,0,0,0,0,0,0,0,0,29
4455,0,0,0,0,0,0,0,0,0,0,0,0,0,0,0,0,0,0,0,29
1764,0,0,0,0,0,0,0,0,0,0,0,0,0,0,0,0,0,0,0,29
1737,0,0,0,0,0,0,0,0,0,0,0,0,0,0,0,0,0,0,0,30
26,0,0,0,0,0,0,0,0,0,0,0,0,0,0,0,0,0,0,0,30
1847,0,0,0,0,0,0,0,0,0,0,0,0,0,0,0,0,0,0,0,30
5268,0,0,0,0,0,0,0,0,0,0,0,0,0,0,0,0,0,0,0,30
2346,0,0,0,0,0,0,0,0,0,0,0,0,0,0,0,0,0,0,0,30
932,0,0,0,0,0,0,0,0,0,0,0,0,0,0,0,0,0,0,0,30
1825,0,0,0,0,0,0,0,0,0,0,0,0,0,0,0,0,0,0,0,31
1806,0,0,0,0,0,0,0,0,0,0,0,0,0,0,0,0,0,0,0,31
27,0,0,0,0,0,0,0,0,0,0,0,0,0,0,0,0,0,0,0,31
5189,0,0,0,0,0,0,0,0,0,0,0,0,0,0,0,0,0,0,0,31
1769,0,0,0,0,0,0,0,0,0,0,0,0,0,0,0,0,0,0,0,31
2357,0,0,0,0,0,0,0,0,0,0,0,0,0,0,0,0,0,0,0,31
1777,0,0,0,0,0,0,0,0,0,0,0,0,0,0,0,0,0,0,0,32
1802,0,0,0,0,0,0,0,0,0,0,0,0,0,0,0,0,0,0,0,32
3612,0,0,0,0,0,0,0,0,0,0,0,0,0,0,0,0,0,0,0,32
28,0,0,0,0,0,0,0,0,0,0,0,0,0,0,0,0,0,0,0,32
5141,0,0,0,0,0,0,0,0,0,0,0,0,0,0,0,0,0,0,0,32
4646,0,0,0,0,0,0,0,0,0,0,0,0,0,0,0,0,0,0,0,32
4522,0,0,0,0,0,0,0,0,0,0,0,0,0,0,0,0,0,0,0,33
5013,0,0,0,0,0,0,0,0,0,0,0,0,0,0,0,0,0,0,0,33
1827,0,0,0,0,0,0,0,0,0,0,0,0,0,0,0,0,0,0,0,33
5098,0,0,0,0,0,0,0,0,0,0,0,0,0,0,0,0,0,0,0,33
29,0,0,0,0,0,0,0,0,0,0,0,0,0,0,0,0,0,0,0,33
2001,0,0,0,0,0,0,0,0,0,0,0,0,0,0,0,0,0,0,0,33
2345,0,0,0,0,0,0,0,0,0,0,0,0,0,0,0,0,0,0,0,34
1987,0,0,0,0,0,0,0,0,0,0,0,0,0,0,0,0,0,0,0,34
3172,0,0,0,0,0,0,0,0,0,0,0,0,0,0,0,0,0,0,0,34
1986,0,0,0,0,0,0,0,0,0,0,0,0,0,0,0,0,0,0,0,34
3973,0,0,0,0,0,0,0,0,0,0,0,0,0,0,0,0,0,0,0,34
30,0,0,0,0,0,0,0,0,0,0,0,0,0,0,0,0,0,0,0,34
1984,0,0,0,0,0,0,0,0,0,0,0,0,0,0,0,0,0,0,0,35
4455,0,0,0,0,0,0,0,0,0,0,0,0,0,0,0,0,0,0,0,35
5126,0,0,0,0,0,0,0,0,0,0,0,0,0,0,0,0,0,0,0,35
2457,0,0,0,0,0,0,0,0,0,0,0,0,0,0,0,0,0,0,0,35
935,0,0,0,0,0,0,0,0,0,0,0,0,0,0,0,0,0,0,0,35
5082,0,0,0,0,0,0,0,0,0,0,0,0,0,0,0,0,0,0,0,35
31,0,0,0,0,0,0,0,0,0,0,0,0,0,0,0,0,0,0,0,36
1764,0,0,0,0,0,0,0,0,0,0,0,0,0,0,0,0,0,0,0,36
2410,0,0,0,0,0,0,0,0,0,0,0,0,0,0,0,0,0,0,0,36
1994,0,0,0,0,0,0,0,0,0,0,0,0,0,0,0,0,0,0,0,36
1730,0,0,0,0,0,0,0,0,0,0,0,0,0,0,0,0,0,0,0,36
1847,0,0,0,0,0,0,0,0,0,0,0,0,0,0,0,0,0,0,0,36
3928,0,0,0,0,0,0,0,0,0,0,0,0,0,0,0,0,0,0,0,37
32,0,0,0,0,0,0,0,0,0,0,0,0,0,0,0,0,0,0,0,37
4809,0,0,0,0,0,0,0,0,0,0,0,0,0,0,0,0,0,0,0,37
1777,0,0,0,0,0,0,0,0,0,0,0,0,0,0,0,0,0,0,0,37
932,0,0,0,0,0,0,0,0,0,0,0,0,0,0,0,0,0,0,0,37
1810,0,0,0,0,0,0,0,0,0,0,0,0,0,0,0,0,0,0,0,37
5119,0,0,0,0,0,0,0,0,0,0,0,0,0,0,0,0,0,0,0,38
1825,0,0,0,0,0,0,0,0,0,0,0,0,0,0,0,0,0,0,0,38
33,0,0,0,0,0,0,0,0,0,0,0,0,0,0,0,0,0,0,0,38
4646,0,0,0,0,0,0,0,0,0,0,0,0,0,0,0,0,0,0,0,38
2167,0,0,0,0,0,0,0,0,0,0,0,0,0,0,0,0,0,0,0,38
2346,0,0,0,0,0,0,0,0,0,0,0,0,0,0,0,0,0,0,0,38
1802,0,0,0,0,0,0,0,0,0,0,0,0,0,0,0,0,0,0,0,39
2357,0,0,0,0,0,0,0,0,0,0,0,0,0,0,0,0,0,0,0,39
1785,0,0,0,0,0,0,0,0,0,0,0,0,0,0,0,0,0,0,0,39
34,0,0,0,0,0,0,0,0,0,0,0,0,0,0,0,0,0,0,0,39
5098,0,0,0,0,0,0,0,0,0,0,0,0,0,0,0,0,0,0,0,39
4959,0,0,0,0,0,0,0,0,0,0,0,0,0,0,0,0,0,0,0,39
1723,0,0,0,0,0,0,0,0,0,0,0,0,0,0,0,0,0,0,0,40
2001,0,0,0,0,0,0,0,0,0,0,0,0,0,0,0,0,0,0,0,40
3973,0,0,0,0,0,0,0,0,0,0,0,0,0,0,0,0,0,0,0,40
1806,0,0,0,0,0,0,0,0,0,0,0,0,0,0,0,0,0,0,0,40
35,0,0,0,0,0,0,0,0,0,0,0,0,0,0,0,0,0,0,0,40
1827,0,0,0,0,0,0,0,0,0,0,0,0,0,0,0,0,0,0,0,40
1986,0,0,0,0,0,0,0,0,0,0,0,0,0,0,0,0,0,0,0,41
3612,0,0,0,0,0,0,0,0,0,0,0,0,0,0,0,0,0,0,0,41
1737,0,0,0,0,0,0,0,0,0,0,0,0,0,0,0,0,0,0,0,41
938,0,0,0,0,0,0,0,0,0,0,0,0,0,0,0,0,0,0,0,41
1982,0,0,0,0,0,0,0,0,0,0,0,0,0,0,0,0,0,0,0,41
36,0,0,0,0,0,0,0,0,0,0,0,0,0,0,0,0,0,0,0,41
5141,0,0,0,0,0,0,0,0,0,0,0,0,0,0,0,0,0,0,0,42
1997,0,0,0,0,0,0,0,0,0,0,0,0,0,0,0,0,0,0,0,42
5189,0,0,0,0,0,0,0,0,0,0,0,0,0,0,0,0,0,0,0,42
1987,0,0,0,0,0,0,0,0,0,0,0,0,0,0,0,0,0,0,0,42
1775,0,0,0,0,0,0,0,0,0,0,0,0,0,0,0,0,0,0,0,42
1939,0,0,0,0,0,0,0,0,0,0,0,0,0,0,0,0,0,0,0,42
37,0,0,0,0,0,0,0,0,0,0,0,0,0,0,0,0,0,0,0,43
1763,0,0,0,0,0,0,0,0,0,0,0,0,0,0,0,0,0,0,0,43
2560,0,0,0,0,0,0,0,0,0,0,0,0,0,0,0,0,0,0,0,43
1769,0,0,0,0,0,0,0,0,0,0,0,0,0,0,0,0,0,0,0,43
2335,0,0,0,0,0,0,0,0,0,0,0,0,0,0,0,0,0,0,0,43
3528,0,0,0,0,0,0,0,0,0,0,0,0,0,0,0,0,0,0,0,43
3485,0,0,0,0,0,0,0,0,0,0,0,0,0,0,0,0,0,0,0,44
38,0,0,0,0,0,0,0,0,0,0,0,0,0,0,0,0,0,0,0,44
2345,0,0,0,0,0,0,0,0,0,0,0,0,0,0,0,0,0,0,0,44
4522,0,0,0,0,0,0,0,0,0,0,0,0,0,0,0,0,0,0,0,44
2874,0,0,0,0,0,0,0,0,0,0,0,0,0,0,0,0,0,0,0,44
937,0,0,0,0,0,0,0,0,0,0,0,0,0,0,0,0,0,0,0,44
2164,0,0,0,0,0,0,0,0,0,0,0,0,0,0,0,0,0,0,0,45
118,0,0,0,0,0,0,0,0,0,0,0,0,0,0,0,0,0,0,0,45
39,0,0,0,0,0,0,0,0,0,0,0,0,0,0,0,0,0,0,0,45
2353,0,0,0,0,0,0,0,0,0,0,0,0,0,0,0,0,0,0,0,45
5268,0,0,0,0,0,0,0,0,0,0,0,0,0,0,0,0,0,0,0,45
1984,0,0,0,0,0,0,0,0,0,0,0,0,0,0,0,0,0,0,0,45
5013,0,0,0,0,0,0,0,0,0,0,0,0,0,0,0,0,0,0,0,46
3172,0,0,0,0,0,0,0,0,0,0,0,0,0,0,0,0,0,0,0,46
3928,0,0,0,0,0,0,0,0,0,0,0,0,0,0,0,0,0,0,0,46
40,0,0,0,0,0,0,0,0,0,0,0,0,0,0,0,0,0,0,0,46
1785,0,0,0,0,0,0,0,0,0,0,0,0,0,0,0,0,0,0,0,46
5082,0,0,0,0,0,0,0,0,0,0,0,0,0,0,0,0,0,0,0,46
4959,0,0,0,0,0,0,0,0,0,0,0,0,0,0,0,0,0,0,0,47
1810,0,0,0,0,0,0,0,0,0,0,0,0,0,0,0,0,0,0,0,47
1982,0,0,0,0,0,0,0,0,0,0,0,0,0,0,0,0,0,0,0,47
5098,0,0,0,0,0,0,0,0,0,0,0,0,0,0,0,0,0,0,0,47
41,0,0,0,0,0,0,0,0,0,0,0,0,0,0,0,0,0,0,0,47
4455,0,0,0,0,0,0,0,0,0,0,0,0,0,0,0,0,0,0,0,47
1825,0,0,0,0,0,0,0,0,0,0,0,0,0,0,0,0,0,0,0,48
2346,0,0,0,0,0,0,0,0,0,0,0,0,0,0,0,0,0,0,0,48
5119,0,0,0,0,0,0,0,0,0,0,0,0,0,0,0,0,0,0,0,48
1986,0,0,0,0,0,0,0,0,0,0,0,0,0,0,0,0,0,0,0,48
1994,0,0,0,0,0,0,0,0,0,0,0,0,0,0,0,0,0,0,0,48
42,0,0,0,0,0,0,0,0,0,0,0,0,0,0,0,0,0,0,0,48
2001,0,0,0,0,0,0,0,0,0,0,0,0,0,0,0,0,0,0,0,49
2560,0,0,0,0,0,0,0,0,0,0,0,0,0,0,0,0,0,0,0,49
1737,0,0,0,0,0,0,0,0,0,0,0,0,0,0,0,0,0,0,0,49
4809,0,0,0,0,0,0,0,0,0,0,0,0,0,0,0,0,0,0,0,49
5141,0,0,0,0,0,0,0,0,0,0,0,0,0,0,0,0,0,0,0,49
1763,0,0,0,0,0,0,0,0,0,0,0,0,0,0,0,0,0,0,0,49
43,0,0,0,0,0,0,0,0,0,0,0,0,0,0,0,0,0,0,0,50
2410,0,0,0,0,0,0,0,0,0,0,0,0,0,0,0,0,0,0,0,50
2345,0,0,0,0,0,0,0,0,0,0,0,0,0,0,0,0,0,0,0,50
4646,0,0,0,0,0,0,0,0,0,0,0,0,0,0,0,0,0,0,0,50
1723,0,0,0,0,0,0,0,0,0,0,0,0,0,0,0,0,0,0,0,50
1775,0,0,0,0,0,0,0,0,0,0,0,0,0,0,0,0,0,0,0,50
3612,0,0,0,0,0,0,0,0,0,0,0,0,0,0,0,0,0,0,0,51
44,0,0,0,0,0,0,0,0,0,0,0,0,0,0,0,0,0,0,0,51
3485,0,0,0,0,0,0,0,0,0,0,0,0,0,0,0,0,0,0,0,51
932,0,0,0,0,0,0,0,0,0,0,0,0,0,0,0,0,0,0,0,51
1827,0,0,0,0,0,0,0,0,0,0,0,0,0,0,0,0,0,0,0,51
1939,0,0,0,0,0,0,0,0,0,0,0,0,0,0,0,0,0,0,0,51
937,0,0,0,0,0,0,0,0,0,0,0,0,0,0,0,0,0,0,0,52
5189,0,0,0,0,0,0,0,0,0,0,0,0,0,0,0,0,0,0,0,52
45,0,0,0,0,0,0,0,0,0,0,0,0,0,0,0,0,0,0,0,52
5126,0,0,0,0,0,0,0,0,0,0,0,0,0,0,0,0,0,0,0,52
2353,0,0,0,0,0,0,0,0,0,0,0,0,0,0,0,0,0,0,0,52
2357,0,0,0,0,0,0,0,0,0,0,0,0,0,0,0,0,0,0,0,52
2167,0,0,0,0,0,0,0,0,0,0,0,0,0,0,0,0,0,0,0,53
2164,0,0,0,0,0,0,0,0,0,0,0,0,0,0,0,0,0,0,0,53
3973,0,0,0,0,0,0,0,0,0,0,0,0,0,0,0,0,0,0,0,53
46,0,0,0,0,0,0,0,0,0,0,0,0,0,0,0,0,0,0,0,53
935,0,0,0,0,0,0,0,0,0,0,0,0,0,0,0,0,0,0,0,53
938,0,0,0,0,0,0,0,0,0,0,0,0,0,0,0,0,0,0,0,53
1769,0,0,0,0,0,0,0,0,0,0,0,0,0,0,0,0,0,0,0,54
4522,0,0,0,0,0,0,0,0,0,0,0,0,0,0,0,0,0,0,0,54
3172,0,0,0,0,0,0,0,0,0,0,0,0,0,0,0,0,0,0,0,54
1730,0,0,0,0,0,0,0,0,0,0,0,0,0,0,0,0,0,0,0,54
47,0,0,0,0,0,0,0,0,0,0,0,0,0,0,0,0,0,0,0,54
2335,0,0,0,0,0,0,0,0,0,0,0,0,0,0,0,0,0,0,0,54
5013,0,0,0,0,0,0,0,0,0,0,0,0,0,0,0,0,0,0,0,55
1847,0,0,0,0,0,0,0,0,0,0,0,0,0,0,0,0,0,0,0,55
1987,0,0,0,0,0,0,0,0,0,0,0,0,0,0,0,0,0,0,0,55
1802,0,0,0,0,0,0,0,0,0,0,0,0,0,0,0,0,0,0,0,55
2874,0,0,0,0,0,0,0,0,0,0,0,0,0,0,0,0,0,0,0,55
48,0,0,0,0,0,0,0,0,0,0,0,0,0,0,0,0,0,0,0,55
3528,0,0,0,0,0,0,0,0,0,0,0,0,0,0,0,0,0,0,0,56
1997,0,0,0,0,0,0,0,0,0,0,0,0,0,0,0,0,0,0,0,56
1777,0,0,0,0,0,0,0,0,0,0,0,0,0,0,0,0,0,0,0,56
1806,0,0,0,0,0,0,0,0,0,0,0,0,0,0,0,0,0,0,0,56
1764,0,0,0,0,0,0,0,0,0,0,0,0,0,0,0,0,0,0,0,56
5268,0,0,0,0,0,0,0,0,0,0,0,0,0,0,0,0,0,0,0,56
49,0,0,0,0,0,0,0,0,0,0,0,0,0,0,0,0,0,0,0,57
118,0,0,0,0,0,0,0,0,0,0,0,0,0,0,0,0,0,0,0,57
3928,0,0,0,0,0,0,0,0,0,0,0,0,0,0,0,0,0,0,0,57
1986,0,0,0,0,0,0,0,0,0,0,0,0,0,0,0,0,0,0,0,57
2457,0,0,0,0,0,0,0,0,0,0,0,0,0,0,0,0,0,0,0,57
4959,0,0,0,0,0,0,0,0,0,0,0,0,0,0,0,0,0,0,0,57
2560,0,0,0,0,0,0,0,0,0,0,0,0,0,0,0,0,0,0,0,58
50,0,0,0,0,0,0,0,0,0,0,0,0,0,0,0,0,0,0,0,58
3612,0,0,0,0,0,0,0,0,0,0,0,0,0,0,0,0,0,0,0,58
2001,0,0,0,0,0,0,0,0,0,0,0,0,0,0,0,0,0,0,0,58
1763,0,0,0,0,0,0,0,0,0,0,0,0,0,0,0,0,0,0,0,58
2353,0,0,0,0,0,0,0,0,0,0,0,0,0,0,0,0,0,0,0,58
2346,0,0,0,0,0,0,0,0,0,0,0,0,0,0,0,0,0,0,0,59
1939,0,0,0,0,0,0,0,0,0,0,0,0,0,0,0,0,0,0,0,59
51,0,0,0,0,0,0,0,0,0,0,0,0,0,0,0,0,0,0,0,59
932,0,0,0,0,0,0,0,0,0,0,0,0,0,0,0,0,0,0,0,59
938,0,0,0,0,0,0,0,0,0,0,0,0,0,0,0,0,0,0,0,59
1723,0,0,0,0,0,0,0,0,0,0,0,0,0,0,0,0,0,0,0,59
1984,0,0,0,0,0,0,0,0,0,0,0,0,0,0,0,0,0,0,0,60
5141,0,0,0,0,0,0,0,0,0,0,0,0,0,0,0,0,0,0,0,60
3485,0,0,0,0,0,0,0,0,0,0,0,0,0,0,0,0,0,0,0,60
52,0,0,0,0,0,0,0,0,0,0,0,0,0,0,0,0,0,0,0,60
5119,0,0,0,0,0,0,0,0,0,0,0,0,0,0,0,0,0,0,0,60
5126,0,0,0,0,0,0,0,0,0,0,0,0,0,0,0,0,0,0,0,60
3973,0,0,0,0,0,0,0,0,0,0,0,0,0,0,0,0,0,0,0,61
1737,0,0,0,0,0,0,0,0,0,0,0,0,0,0,0,0,0,0,0,61
5189,0,0,0,0,0,0,0,0,0,0,0,0,0,0,0,0,0,0,0,61
2874,0,0,0,0,0,0,0,0,0,0,0,0,0,0,0,0,0,0,0,61
53,0,0,0,0,0,0,0,0,0,0,0,0,0,0,0,0,0,0,0,61
1806,0,0,0,0,0,0,0,0,0,0,0,0,0,0,0,0,0,0,0,61
3172,0,0,0,0,0,0,0,0,0,0,0,0,0,0,0,0,0,0,0,62
4646,0,0,0,0,0,0,0,0,0,0,0,0,0,0,0,0,0,0,0,62
937,0,0,0,0,0,0,0,0,0,0,0,0,0,0,0,0,0,0,0,62
935,0,0,0,0,0,0,0,0,0,0,0,0,0,0,0,0,0,0,0,62
4809,0,0,0,0,0,0,0,0,0,0,0,0,0,0,0,0,0,0,0,62
54,0,0,0,0,0,0,0,0,0,0,0,0,0,0,0,0,0,0,0,62
5013,0,0,0,0,0,0,0,0,0,0,0,0,0,0,0,0,0,0,0,63
1825,0,0,0,0,0,0,0,0,0,0,0,0,0,0,0,0,0,0,0,63
1764,0,0,0,0,0,0,0,0,0,0,0,0,0,0,0,0,0,0,0,63
2345,0,0,0,0,0,0,0,0,0,0,0,0,0,0,0,0,0,0,0,63
2164,0,0,0,0,0,0,0,0,0,0,0,0,0,0,0,0,0,0,0,63
1810,0,0,0,0,0,0,0,0,0,0,0,0,0,0,0,0,0,0,0,63
55,0,0,0,0,0,0,0,0,0,0,0,0,0,0,0,0,0,0,0,64
4455,0,0,0,0,0,0,0,0,0,0,0,0,0,0,0,0,0,0,0,64
2410,0,0,0,0,0,0,0,0,0,0,0,0,0,0,0,0,0,0,0,64
1730,0,0,0,0,0,0,0,0,0,0,0,0,0,0,0,0,0,0,0,64
1777,0,0,0,0,0,0,0,0,0,0,0,0,0,0,0,0,0,0,0,64
5098,0,0,0,0,0,0,0,0,0,0,0,0,0,0,0,0,0,0,0,64
2335,0,0,0,0,0,0,0,0,0,0,0,0,0,0,0,0,0,0,0,65
56,0,0,0,0,0,0,0,0,0,0,0,0,0,0,0,0,0,0,0,65
1847,0,0,0,0,0,0,0,0,0,0,0,0,0,0,0,0,0,0,0,65
1987,0,0,0,0,0,0,0,0,0,0,0,0,0,0,0,0,0,0,0,65
118,0,0,0,0,0,0,0,0,0,0,0,0,0,0,0,0,0,0,0,65
2167,0,0,0,0,0,0,0,0,0,0,0,0,0,0,0,0,0,0,0,65
3528,0,0,0,0,0,0,0,0,0,0,0,0,0,0,0,0,0,0,0,66
1827,0,0,0,0,0,0,0,0,0,0,0,0,0,0,0,0,0,0,0,66
57,0,0,0,0,0,0,0,0,0,0,0,0,0,0,0,0,0,0,0,66
5268,0,0,0,0,0,0,0,0,0,0,0,0,0,0,0,0,0,0,0,66
2357,0,0,0,0,0,0,0,0,0,0,0,0,0,0,0,0,0,0,0,66
1982,0,0,0,0,0,0,0,0,0,0,0,0,0,0,0,0,0,0,0,66
1775,0,0,0,0,0,0,0,0,0,0,0,0,0,0,0,0,0,0,0,67
2457,0,0,0,0,0,0,0,0,0,0,0,0,0,0,0,0,0,0,0,67
1769,0,0,0,0,0,0,0,0,0,0,0,0,0,0,0,0,0,0,0,67
58,0,0,0,0,0,0,0,0,0,0,0,0,0,0,0,0,0,0,0,67
1997,0,0,0,0,0,0,0,0,0,0,0,0,0,0,0,0,0,0,0,67
1785,0,0,0,0,0,0,0,0,0,0,0,0,0,0,0,0,0,0,0,67
4522,0,0,0,0,0,0,0,0,0,0,0,0,0,0,0,0,0,0,0,68
5082,0,0,0,0,0,0,0,0,0,0,0,0,0,0,0,0,0,0,0,68
1802,0,0,0,0,0,0,0,0,0,0,0,0,0,0,0,0,0,0,0,68
1994,0,0,0,0,0,0,0,0,0,0,0,0,0,0,0,0,0,0,0,68
59,0,0,0,0,0,0,0,0,0,0,0,0,0,0,0,0,0,0,0,68
1806,0,0,0,0,0,0,0,0,0,0,0,0,0,0,0,0,0,0,0,68
4959,0,0,0,0,0,0,0,0,0,0,0,0,0,0,0,0,0,0,0,69
5013,0,0,0,0,0,0,0,0,0,0,0,0,0,0,0,0,0,0,0,69
5126,0,0,0,0,0,0,0,0,0,0,0,0,0,0,0,0,0,0,0,69
938,0,0,0,0,0,0,0,0,0,0,0,0,0,0,0,0,0,0,0,69
1939,0,0,0,0,0,0,0,0,0,0,0,0,0,0,0,0,0,0,0,69
60,0,0,0,0,0,0,0,0,0,0,0,0,0,0,0,0,0,0,0,69
2874,0,0,0,0,0,0,0,0,0,0,0,0,0,0,0,0,0,0,0,70
1777,0,0,0,0,0,0,0,0,0,0,0,0,0,0,0,0,0,0,0,70
1984,0,0,0,0,0,0,0,0,0,0,0,0,0,0,0,0,0,0,0,70
4646,0,0,0,0,0,0,0,0,0,0,0,0,0,0,0,0,0,0,0,70
3612,0,0,0,0,0,0,0,0,0,0,0,0,0,0,0,0,0,0,0,70
4809,0,0,0,0,0,0,0,0,0,0,0,0,0,0,0,0,0,0,0,70
61,0,0,0,0,0,0,0,0,0,0,0,0,0,0,0,0,0,0,0,71
1986,0,0,0,0,0,0,0,0,0,0,0,0,0,0,0,0,0,0,0,71
5098,0,0,0,0,0,0,0,0,0,0,0,0,0,0,0,0,0,0,0,71
1825,0,0,0,0,0,0,0,0,0,0,0,0,0,0,0,0,0,0,0,71
3485,0,0,0,0,0,0,0,0,0,0,0,0,0,0,0,0,0,0,0,71
1764,0,0,0,0,0,0,0,0,0,0,0,0,0,0,0,0,0,0,0,71
2353,0,0,0,0,0,0,0,0,0,0,0,0,0,0,0,0,0,0,0,72
62,0,0,0,0,0,0,0,0,0,0,0,0,0,0,0,0,0,0,0,72
5141,0,0,0,0,0,0,0,0,0,0,0,0,0,0,0,0,0,0,0,72
3973,0,0,0,0,0,0,0,0,0,0,0,0,0,0,0,0,0,0,0,72
935,0,0,0,0,0,0,0,0,0,0,0,0,0,0,0,0,0,0,0,72
2410,0,0,0,0,0,0,0,0,0,0,0,0,0,0,0,0,0,0,0,72
3528,0,0,0,0,0,0,0,0,0,0,0,0,0,0,0,0,0,0,0,73
2346,0,0,0,0,0,0,0,0,0,0,0,0,0,0,0,0,0,0,0,73
63,0,0,0,0,0,0,0,0,0,0,0,0,0,0,0,0,0,0,0,73
1994,0,0,0,0,0,0,0,0,0,0,0,0,0,0,0,0,0,0,0,73
2457,0,0,0,0,0,0,0,0,0,0,0,0,0,0,0,0,0,0,0,73
1810,0,0,0,0,0,0,0,0,0,0,0,0,0,0,0,0,0,0,0,73
937,0,0,0,0,0,0,0,0,0,0,0,0,0,0,0,0,0,0,0,74
1987,0,0,0,0,0,0,0,0,0,0,0,0,0,0,0,0,0,0,0,74
1769,0,0,0,0,0,0,0,0,0,0,0,0,0,0,0,0,0,0,0,74
64,0,0,0,0,0,0,0,0,0,0,0,0,0,0,0,0,0,0,0,74
2164,0,0,0,0,0,0,0,0,0,0,0,0,0,0,0,0,0,0,0,74
4522,0,0,0,0,0,0,0,0,0,0,0,0,0,0,0,0,0,0,0,74
5082,0,0,0,0,0,0,0,0,0,0,0,0,0,0,0,0,0,0,0,75
1723,0,0,0,0,0,0,0,0,0,0,0,0,0,0,0,0,0,0,0,75
1847,0,0,0,0,0,0,0,0,0,0,0,0,0,0,0,0,0,0,0,75
1763,0,0,0,0,0,0,0,0,0,0,0,0,0,0,0,0,0,0,0,75
65,0,0,0,0,0,0,0,0,0,0,0,0,0,0,0,0,0,0,0,75
1997,0,0,0,0,0,0,0,0,0,0,0,0,0,0,0,0,0,0,0,75
3928,0,0,0,0,0,0,0,0,0,0,0,0,0,0,0,0,0,0,0,76
2357,0,0,0,0,0,0,0,0,0,0,0,0,0,0,0,0,0,0,0,76
932,0,0,0,0,0,0,0,0,0,0,0,0,0,0,0,0,0,0,0,76
4455,0,0,0,0,0,0,0,0,0,0,0,0,0,0,0,0,0,0,0,76
2335,0,0,0,0,0,0,0,0,0,0,0,0,0,0,0,0,0,0,0,76
66,0,0,0,0,0,0,0,0,0,0,0,0,0,0,0,0,0,0,0,76
1827,0,0,0,0,0,0,0,0,0,0,0,0,0,0,0,0,0,0,0,77
3172,0,0,0,0,0,0,0,0,0,0,0,0,0,0,0,0,0,0,0,77
2560,0,0,0,0,0,0,0,0,0,0,0,0,0,0,0,0,0,0,0,77
5119,0,0,0,0,0,0,0,0,0,0,0,0,0,0,0,0,0,0,0,77
1775,0,0,0,0,0,0,0,0,0,0,0,0,0,0,0,0,0,0,0,77
1785,0,0,0,0,0,0,0,0,0,0,0,0,0,0,0,0,0,0,0,77
67,0,0,0,0,0,0,0,0,0,0,0,0,0,0,0,0,0,0,0,78
2167,0,0,0,0,0,0,0,0,0,0,0,0,0,0,0,0,0,0,0,78
118,0,0,0,0,0,0,0,0,0,0,0,0,0,0,0,0,0,0,0,78
1730,0,0,0,0,0,0,0,0,0,0,0,0,0,0,0,0,0,0,0,78
2001,0,0,0,0,0,0,0,0,0,0,0,0,0,0,0,0,0,0,0,78
1982,0,0,0,0,0,0,0,0,0,0,0,0,0,0,0,0,0,0,0,78
5189,0,0,0,0,0,0,0,0,0,0,0,0,0,0,0,0,0,0,0,79
68,0,0,0,0,0,0,0,0,0,0,0,0,0,0,0,0,0,0,0,79
2345,0,0,0,0,0,0,0,0,0,0,0,0,0,0,0,0,0,0,0,79
1802,0,0,0,0,0,0,0,0,0,0,0,0,0,0,0,0,0,0,0,79
3485,0,0,0,0,0,0,0,0,0,0,0,0,0,0,0,0,0,0,0,79
5268,0,0,0,0,0,0,0,0,0,0,0,0,0,0,0,0,0,0,0,79
1737,0,0,0,0,0,0,0,0,0,0,0,0,0,0,0,0,0,0,0,80
2457,0,0,0,0,0,0,0,0,0,0,0,0,0,0,0,0,0,0,0,80
69,0,0,0,0,0,0,0,0,0,0,0,0,0,0,0,0,0,0,0,80
1987,0,0,0,0,0,0,0,0,0,0,0,0,0,0,0,0,0,0,0,80
4522,0,0,0,0,0,0,0,0,0,0,0,0,0,0,0,0,0,0,0,80
5126,0,0,0,0,0,0,0,0,0,0,0,0,0,0,0,0,0,0,0,80
1777,0,0,0,0,0,0,0,0,0,0,0,0,0,0,0,0,0,0,0,81
1825,0,0,0,0,0,0,0,0,0,0,0,0,0,0,0,0,0,0,0,81
4646,0,0,0,0,0,0,0,0,0,0,0,0,0,0,0,0,0,0,0,81
70,0,0,0,0,0,0,0,0,0,0,0,0,0,0,0,0,0,0,0,81
3928,0,0,0,0,0,0,0,0,0,0,0,0,0,0,0,0,0,0,0,81
1764,0,0,0,0,0,0,0,0,0,0,0,0,0,0,0,0,0,0,0,81
2164,0,0,0,0,0,0,0,0,0,0,0,0,0,0,0,0,0,0,0,82
3612,0,0,0,0,0,0,0,0,0,0,0,0,0,0,0,0,0,0,0,82
938,0,0,0,0,0,0,0,0,0,0,0,0,0,0,0,0,0,0,0,82
2346,0,0,0,0,0,0,0,0,0,0,0,0,0,0,0,0,0,0,0,82
71,0,0,0,0,0,0,0,0,0,0,0,0,0,0,0,0,0,0,0,82
1785,0,0,0,0,0,0,0,0,0,0,0,0,0,0,0,0,0,0,0,82
1763,0,0,0,0,0,0,0,0,0,0,0,0,0,0,0,0,0,0,0,83
1806,0,0,0,0,0,0,0,0,0,0,0,0,0,0,0,0,0,0,0,83
4455,0,0,0,0,0,0,0,0,0,0,0,0,0,0,0,0,0,0,0,83
1986,0,0,0,0,0,0,0,0,0,0,0,0,0,0,0,0,0,0,0,83
1775,0,0,0,0,0,0,0,0,0,0,0,0,0,0,0,0,0,0,0,83
72,0,0,0,0,0,0,0,0,0,0,0,0,0,0,0,0,0,0,0,83
1769,0,0,0,0,0,0,0,0,0,0,0,0,0,0,0,0,0,0,0,84
1982,0,0,0,0,0,0,0,0,0,0,0,0,0,0,0,0,0,0,0,84
2874,0,0,0,0,0,0,0,0,0,0,0,0,0,0,0,0,0,0,0,84
932,0,0,0,0,0,0,0,0,0,0,0,0,0,0,0,0,0,0,0,84
2410,0,0,0,0,0,0,0,0,0,0,0,0,0,0,0,0,0,0,0,84
2001,0,0,0,0,0,0,0,0,0,0,0,0,0,0,0,0,0,0,0,84
73,0,0,0,0,0,0,0,0,0,0,0,0,0,0,0,0,0,0,0,85
5189,0,0,0,0,0,0,0,0,0,0,0,0,0,0,0,0,0,0,0,85
5013,0,0,0,0,0,0,0,0,0,0,0,0,0,0,0,0,0,0,0,85
935,0,0,0,0,0,0,0,0,0,0,0,0,0,0,0,0,0,0,0,85
4959,0,0,0,0,0,0,0,0,0,0,0,0,0,0,0,0,0,0,0,85
2357,0,0,0,0,0,0,0,0,0,0,0,0,0,0,0,0,0,0,0,85
937,0,0,0,0,0,0,0,0,0,0,0,0,0,0,0,0,0,0,0,86
74,0,0,0,0,0,0,0,0,0,0,0,0,0,0,0,0,0,0,0,86
1984,0,0,0,0,0,0,0,0,0,0,0,0,0,0,0,0,0,0,0,86
5098,0,0,0,0,0,0,0,0,0,0,0,0,0,0,0,0,0,0,0,86
2167,0,0,0,0,0,0,0,0,0,0,0,0,0,0,0,0,0,0,0,86
2560,0,0,0,0,0,0,0,0,0,0,0,0,0,0,0,0,0,0,0,86
1997,0,0,0,0,0,0,0,0,0,0,0,0,0,0,0,0,0,0,0,87
5119,0,0,0,0,0,0,0,0,0,0,0,0,0,0,0,0,0,0,0,87
75,0,0,0,0,0,0,0,0,0,0,0,0,0,0,0,0,0,0,0,87
3528,0,0,0,0,0,0,0,0,0,0,0,0,0,0,0,0,0,0,0,87
1810,0,0,0,0,0,0,0,0,0,0,0,0,0,0,0,0,0,0,0,87
1847,0,0,0,0,0,0,0,0,0,0,0,0,0,0,0,0,0,0,0,87
3172,0,0,0,0,0,0,0,0,0,0,0,0,0,0,0,0,0,0,0,88
1737,0,0,0,0,0,0,0,0,0,0,0,0,0,0,0,0,0,0,0,88
1939,0,0,0,0,0,0,0,0,0,0,0,0,0,0,0,0,0,0,0,88
76,0,0,0,0,0,0,0,0,0,0,0,0,0,0,0,0,0,0,0,88
5268,0,0,0,0,0,0,0,0,0,0,0,0,0,0,0,0,0,0,0,88
3973,0,0,0,0,0,0,0,0,0,0,0,0,0,0,0,0,0,0,0,88
1994,0,0,0,0,0,0,0,0,0,0,0,0,0,0,0,0,0,0,0,89
2335,0,0,0,0,0,0,0,0,0,0,0,0,0,0,0,0,0,0,0,89
1827,0,0,0,0,0,0,0,0,0,0,0,0,0,0,0,0,0,0,0,89
118,0,0,0,0,0,0,0,0,0,0,0,0,0,0,0,0,0,0,0,89
77,0,0,0,0,0,0,0,0,0,0,0,0,0,0,0,0,0,0,0,89
5082,0,0,0,0,0,0,0,0,0,0,0,0,0,0,0,0,0,0,0,89
2353,0,0,0,0,0,0,0,0,0,0,0,0,0,0,0,0,0,0,0,90
1730,0,0,0,0,0,0,0,0,0,0,0,0,0,0,0,0,0,0,0,90
1723,0,0,0,0,0,0,0,0,0,0,0,0,0,0,0,0,0,0,0,90
4809,0,0,0,0,0,0,0,0,0,0,0,0,0,0,0,0,0,0,0,90
1802,0,0,0,0,0,0,0,0,0,0,0,0,0,0,0,0,0,0,0,90
78,0,0,0,0,0,0,0,0,0,0,0,0,0,0,0,0,0,0,0,90
5141,0,0,0,0,0,0,0,0,0,0,0,0,0,0,0,0,0,0,0,91
2357,0,0,0,0,0,0,0,0,0,0,0,0,0,0,0,0,0,0,0,91
938,0,0,0,0,0,0,0,0,0,0,0,0,0,0,0,0,0,0,0,91
2345,0,0,0,0,0,0,0,0,0,0,0,0,0,0,0,0,0,0,0,91
1982,0,0,0,0,0,0,0,0,0,0,0,0,0,0,0,0,0,0,0,91
1763,0,0,0,0,0,0,0,0,0,0,0,0,0,0,0,0,0,0,0,91
79,0,0,0,0,0,0,0,0,0,0,0,0,0,0,0,0,0,0,0,92
4455,0,0,0,0,0,0,0,0,0,0,0,0,0,0,0,0,0,0,0,92
1987,0,0,0,0,0,0,0,0,0,0,0,0,0,0,0,0,0,0,0,92
3928,0,0,0,0,0,0,0,0,0,0,0,0,0,0,0,0,0,0,0,92
2001,0,0,0,0,0,0,0,0,0,0,0,0,0,0,0,0,0,0,0,92
3485,0,0,0,0,0,0,0,0,0,0,0,0,0,0,0,0,0,0,0,92
5126,0,0,0,0,0,0,0,0,0,0,0,0,0,0,0,0,0,0,0,93
80,0,0,0,0,0,0,0,0,0,0,0,0,0,0,0,0,0,0,0,93
1785,0,0,0,0,0,0,0,0,0,0,0,0,0,0,0,0,0,0,0,93
1737,0,0,0,0,0,0,0,0,0,0,0,0,0,0,0,0,0,0,0,93
2346,0,0,0,0,0,0,0,0,0,0,0,0,0,0,0,0,0,0,0,93
5013,0,0,0,0,0,0,0,0,0,0,0,0,0,0,0,0,0,0,0,93
0,0,0,0,0,0,0,0,0,0,0,0,0,0,0,0,0,0,0,0,94
0,0,0,0,0,0,0,0,0,0,0,0,0,0,0,0,0,0,0,0,94
0,0,0,0,0,0,0,0,0,0,0,0,0,0,0,0,0,0,0,0,94
0,0,0,0,0,0,0,0,0,0,0,0,0,0,0,0,0,0,0,0,94
0,0,0,0,0,0,0,0,0,0,0,0,0,0,0,0,0,0,0,0,94
0,0,0,0,0,0,0,0,0,0,0,0,0,0,0,0,0,0,0,0,94
0,0,0,0,0,0,0,0,0,0,0,0,0,0,0,0,0,0,0,0,95
0,0,0,0,0,0,0,0,0,0,0,0,0,0,0,0,0,0,0,0,95
0,0,0,0,0,0,0,0,0,0,0,0,0,0,0,0,0,0,0,0,95
0,0,0,0,0,0,0,0,0,0,0,0,0,0,0,0,0,0,0,0,95
0,0,0,0,0,0,0,0,0,0,0,0,0,0,0,0,0,0,0,0,95
0,0,0,0,0,0,0,0,0,0,0,0,0,0,0,0,0,0,0,0,95
